   1    5 
  0.00   0.00  0.80   0.80 
  9.20  45.25  10.00  10.00   9.20  45.25  10.00  10.00   
 10.00  35.00  10.00  10.00  30.00  15.00  10.00  10.00   
  0.00   0.00   0.00   0.00   0.00   0.00   0.00   0.00   
  9.20  15.00  10.00  10.00   9.20  15.00  10.00  10.00   
 10.00  15.00  10.00  10.00  10.00  15.00  10.00  10.00   
  0.00   0.00   0.00   0.00   0.00   0.00   0.00   0.00   
  4.20  40.25   5.00   5.00   4.20  40.25   5.00   5.00   
  5.00  30.00   5.00   5.00  25.00  10.00   5.00   5.00   
  0.00   0.00   0.00   0.00   0.00   0.00   0.00   0.00   
  4.20  10.00   5.00   5.00   4.20  10.00   5.00   5.00   
  5.00  10.00   5.00   5.00   5.00  10.00   5.00   5.00   
  0.00   0.00   0.00   0.00   0.00   0.00   0.00   0.00   
   1 
 6   1.00   5.00   8.20 2 
  3.57 
 -463.00 
 